2 0.478041 0.834835 0.070946 0.048048
2 0.446791 0.749249 0.065878 0.045045
0 0.054054 0.738739 0.013514 0.048048
6 0.560811 0.099099 0.402027 0.198198
2 0.047297 0.545045 0.033784 0.063063
2 0.572635 0.645646 0.064189 0.054054
2 0.404561 0.596096 0.065878 0.039039
0 0.204392 0.451952 0.013514 0.051051
2 0.776182 0.898398 0.076014 0.057057
2 0.361486 0.416416 0.047297 0.042042
2 0.510980 0.512513 0.065878 0.048048
2 0.477196 0.410410 0.055743 0.036036
2 0.377534 0.312813 0.038851 0.027027
2 0.415541 0.667167 0.054054 0.039039
2 0.619932 0.748248 0.067568 0.051051